winter     small     medium     8.000000     9.800000     60.800000     6.238000     578.000000     105.000000     170.000000     50.000000     0.000000     0.000000     0.000000     0.000000     34.200000     8.300000     0.000000
spring     small     medium     8.350000     8.000000     57.750000     1.288000     370.000000     428.750000     558.750000     1.300000     1.400000     7.600000     4.800000     1.900000     6.700000     0.000000     2.100000
autumn     small     medium     8.100000     11.400000     40.020000     5.330000     346.666990     125.667000     187.057010     15.600000     3.300000     53.600000     1.900000     0.000000     0.000000     0.000000     9.700000
spring     small     medium     8.070000     4.800000     77.364000     2.302000     98.182000     61.182000     138.700000     1.400000     3.100000     41.000000     18.900000     0.000000     1.400000     0.000000     1.400000
autumn     small     medium     8.060000     9.000000     55.350000     10.416000     233.700000     58.222000     97.580000     10.500000     9.200000     2.900000     7.500000     0.000000     7.500000     4.100000     1.000000
winter     small     high     8.250000     13.100000     65.750000     9.248000     430.000000     18.250000     56.667000     28.400000     15.100000     14.600000     1.400000     0.000000     22.500000     12.600000     2.900000
summer     small     high     8.150000     10.300000     73.250000     1.535000     110.000000     61.250000     111.750000     3.200000     2.400000     1.200000     3.200000     3.900000     5.800000     6.800000     0.000000
autumn     small     high     8.050000     10.600000     59.067000     4.990000     205.667010     44.667000     77.434000     6.900000     18.200000     1.600000     0.000000     0.000000     5.500000     8.700000     0.000000
winter     small     medium     8.700000     3.400000     21.950000     0.886000     102.750000     36.300000     71.000000     5.544000     25.400000     5.400000     2.500000     0.000000     0.000000     0.000000     0.000000
winter     small     high     7.930000     9.900000     8.000000     1.390000     5.800000     27.250000     46.600000     0.800000     17.000000     0.000000     0.000000     2.900000     0.000000     0.000000     1.700000
spring     small     high     7.700000     10.200000     8.000000     1.527000     21.571000     12.750000     20.750000     0.800000     16.600000     0.000000     0.000000     0.000000     1.200000     0.000000     6.000000
summer     small     high     7.450000     11.700000     8.690000     1.588000     18.429000     10.667000     19.000000     0.600000     32.100000     0.000000     0.000000     0.000000     0.000000     0.000000     1.500000
winter     small     high     7.740000     9.600000     5.000000     1.223000     27.286000     12.000000     17.000000     41.000000     43.500000     0.000000     2.100000     0.000000     1.200000     0.000000     2.100000
summer     small     high     7.720000     11.800000     6.300000     1.470000     8.000000     16.000000     15.000000     0.500000     31.100000     1.000000     3.400000     0.000000     1.900000     0.000000     4.100000
winter     small     high     7.900000     9.600000     3.000000     1.448000     46.200000     13.000000     61.600000     0.300000     52.200000     5.000000     7.800000     0.000000     4.000000     0.000000     0.000000
autumn     small     high     7.550000     11.500000     4.700000     1.320000     14.750000     4.250000     98.250000     1.100000     69.900000     0.000000     1.700000     0.000000     0.000000     0.000000     0.000000
winter     small     high     7.780000     12.000000     7.000000     1.420000     34.333000     18.667000     50.000000     1.100000     46.200000     0.000000     0.000000     1.200000     0.000000     0.000000     0.000000
spring     small     high     7.610000     9.800000     7.000000     1.443000     31.333000     20.000000     57.833000     0.400000     31.800000     0.000000     3.100000     4.800000     7.700000     1.400000     7.200000
summer     small     high     7.350000     10.400000     7.000000     1.718000     49.000000     41.500000     61.500000     0.800000     50.600000     0.000000     9.900000     4.300000     3.600000     8.200000     2.200000
spring     small     medium     7.790000     3.200000     64.000000     2.822000     8777.599610     564.599980     771.599980     4.500000     0.000000     0.000000     0.000000     44.600000     0.000000     0.000000     1.400000
winter     small     medium     7.830000     10.700000     88.000000     4.825000     1729.000000     467.500000     586.000000     16.000000     0.000000     0.000000     0.000000     6.800000     6.100000     0.000000     0.000000
spring     small     high     7.200000     9.200000     0.800000     0.642000     81.000000     15.600000     18.000000     0.500000     15.500000     0.000000     0.000000     2.300000     0.000000     0.000000     0.000000
autumn     small     high     7.750000     10.300000     32.920000     2.942000     42.000000     16.000000     40.000000     7.600000     23.200000     0.000000     0.000000     0.000000     27.600000     11.100000     0.000000
winter     small     high     7.620000     8.500000     11.867000     1.715000     208.332990     3.000000     27.500000     1.700000     74.200000     0.000000     0.000000     3.700000     0.000000     0.000000     0.000000
spring     small     high     7.840000     9.400000     10.975000     1.510000     12.500000     3.000000     11.500000     1.500000     13.000000     8.600000     1.200000     3.500000     1.200000     1.600000     1.900000
summer     small     high     7.770000     10.700000     12.536000     3.976000     58.500000     9.000000     44.136000     3.000000     4.100000     0.000000     0.000000     0.000000     9.200000     10.100000     0.000000
winter     small     high     7.090000     8.400000     10.500000     1.572000     28.000000     4.000000     13.600000     0.500000     29.700000     0.000000     0.000000     4.900000     0.000000     0.000000     0.000000
autumn     small     high     6.800000     11.100000     9.000000     0.630000     20.000000     4.000000     771.599980     2.700000     30.300000     1.900000     0.000000     0.000000     2.100000     1.400000     2.100000
winter     small     high     8.000000     9.800000     16.000000     0.730000     20.000000     26.000000     45.000000     0.800000     17.100000     0.000000     19.600000     0.000000     0.000000     0.000000     2.500000
spring     small     high     7.200000     11.300000     9.000000     0.230000     120.000000     12.000000     19.000000     0.500000     33.900000     1.000000     14.600000     0.000000     0.000000     0.000000     0.000000
autumn     small     high     7.400000     12.500000     13.000000     3.330000     60.000000     72.000000     142.000000     4.900000     3.400000     16.000000     1.200000     0.000000     15.300000     15.800000     0.000000
winter     small     high     8.100000     10.300000     26.000000     3.780000     60.000000     246.000000     304.000000     2.800000     6.900000     17.100000     20.200000     0.000000     4.000000     0.000000     2.900000
summer     small     high     7.800000     11.300000     20.083000     3.020000     49.500000     53.000000     130.750000     5.800000     0.000000     8.000000     1.900000     0.000000     11.200000     42.700000     1.200000
autumn     small     medium     8.400000     9.900000     34.500000     2.818000     3515.000000     20.000000     47.000000     2.300000     13.600000     9.100000     0.000000     0.000000     1.400000     0.000000     0.000000
winter     small     medium     8.270000     7.800000     29.200000     0.050000     6400.000000     7.400000     23.000000     0.900000     5.300000     40.700000     3.300000     0.000000     0.000000     0.000000     1.900000
summer     small     medium     8.660000     8.400000     30.523000     3.444000     1911.000000     58.875000     84.460000     3.600000     18.300000     12.400000     1.000000     0.000000     0.000000     0.000000     1.000000
winter     small     high     8.300000     10.900000     1.170000     0.735000     13.500000     1.625000     3.000000     0.200000     66.000000     0.000000     0.000000     0.000000     0.000000     0.000000     0.000000
spring     small     high     8.000000     13.400000     1.450000     0.810000     10.000000     2.500000     3.000000     0.300000     75.800000     0.000000     0.000000     0.000000     0.000000     0.000000     0.000000
winter     small     medium     8.300000     8.900000     20.625000     3.414000     228.750000     196.620000     253.250000     12.320000     2.000000     38.500000     4.100000     2.200000     0.000000     0.000000     10.200000
spring     small     medium     8.100000     10.500000     22.286000     4.071000     178.570010     182.420000     255.280000     8.957000     2.200000     2.700000     1.000000     3.700000     2.700000     0.000000     0.000000
winter     small     medium     8.000000     5.500000     77.000000     6.096000     122.850000     143.710010     296.000000     3.700000     0.000000     5.900000     10.600000     1.700000     0.000000     0.000000     7.100000
summer     small     medium     8.150000     7.100000     54.190000     3.829000     647.570010     59.429000     175.046010     13.200000     0.000000     0.000000     0.000000     5.700000     11.300000     17.000000     1.600000
winter     small     high     8.300000     7.700000     50.000000     8.543000     76.000000     264.899990     344.600010     22.500000     0.000000     40.900000     7.500000     0.000000     2.400000     1.500000     0.000000
spring     small     high     8.300000     8.800000     54.143000     7.830000     51.429000     276.850010     326.856990     11.840000     4.100000     3.100000     0.000000     0.000000     19.700000     17.000000     0.000000
winter     small     high     8.400000     13.400000     69.750000     4.555000     37.500000     10.000000     40.667000     3.900000     51.800000     4.100000     0.000000     0.000000     3.100000     5.500000     0.000000
spring     small     high     8.300000     12.500000     87.000000     4.870000     22.500000     27.000000     43.500000     3.300000     29.500000     1.000000     2.700000     3.200000     2.900000     9.600000     0.000000
autumn     small     high     8.000000     12.100000     66.300000     4.535000     39.000000     16.000000     39.000000     0.800000     54.400000     3.400000     1.200000     0.000000     18.700000     2.000000     0.000000
winter     small     low     9.700000     12.600000     9.000000     0.230000     10.000000     5.000000     6.000000     1.100000     35.500000     0.000000     0.000000     0.000000     0.000000     0.000000     0.000000
spring     small     medium     7.600000     9.600000     15.000000     3.020000     40.000000     27.000000     121.000000     2.800000     89.800000     0.000000     0.000000     0.000000     0.000000     0.000000     0.000000
autumn     small     medium     7.290000     11.210000     17.750000     3.070000     35.000000     13.000000     20.812000     12.100000     24.800000     7.400000     0.000000     2.500000     10.600000     17.100000     3.200000
winter     small     medium     7.600000     10.200000     32.300000     4.508000     192.500000     12.750000     49.333000     7.900000     0.000000     0.000000     0.000000     4.600000     1.200000     0.000000     3.900000
summer     small     medium     8.000000     7.900000     27.233000     1.651000     28.333000     7.300000     22.900000     4.500000     39.100000     0.000000     1.200000     2.200000     5.400000     1.500000     3.200000
winter     small     high     7.900000     11.000000     6.167000     1.172000     18.333000     7.750000     11.800000     0.500000     81.900000     0.000000     0.000000     0.000000     0.000000     0.000000     0.000000
spring     small     high     7.900000     9.000000     5.273000     0.910000     33.636000     9.000000     11.818000     0.800000     54.000000     0.000000     0.000000     2.400000     0.000000     0.000000     0.000000
winter     small     high     6.600000     10.800000     391.500000     3.245000     10.000000     1.000000     6.500000     110.456000     24.300000     0.000000     0.000000     0.000000     0.000000     0.000000     0.000000
spring     small     medium     5.600000     11.800000     391.500000     2.220000     5.000000     1.000000     1.000000     110.456000     82.700000     0.000000     0.000000     0.000000     0.000000     0.000000     0.000000
autumn     small     medium     5.700000     10.800000     391.500000     2.550000     10.000000     1.000000     4.000000     110.456000     16.800000     4.600000     3.900000     11.500000     0.000000     0.000000     0.000000
spring     small     high     6.600000     9.500000     391.500000     1.320000     20.000000     1.000000     6.000000     110.456000     46.800000     0.000000     0.000000     28.800000     0.000000     0.000000     0.000000
summer     small     high     6.600000     10.800000     391.500000     2.640000     10.000000     2.000000     11.000000     110.456000     46.900000     0.000000     0.000000     13.400000     0.000000     0.000000     0.000000
autumn     small     medium     6.600000     11.300000     391.500000     4.170000     10.000000     1.000000     6.000000     110.456000     47.100000     0.000000     0.000000     0.000000     0.000000     1.200000     0.000000
spring     small     medium     6.500000     10.400000     391.500000     5.970000     10.000000     2.000000     14.000000     110.456000     66.900000     0.000000     0.000000     0.000000     0.000000     0.000000     0.000000
summer     small     medium     6.400000     13.400000     391.500000     45.650000     24064.000000     564.599980     14.000000     110.456000     19.400000     0.000000     0.000000     2.000000     0.000000     3.900000     1.700000
autumn     small     high     7.830000     11.700000     4.083000     1.328000     18.000000     3.333000     6.667000     110.456000     14.400000     0.000000     0.000000     0.000000     0.000000     0.000000     0.000000
spring     small     high     7.570000     10.800000     4.575000     1.203000     27.500000     2.000000     6.750000     1.000000     20.300000     4.300000     5.500000     0.000000     0.000000     0.000000     1.400000
summer     small     high     7.190000     11.700000     4.326000     1.474000     160.000000     2.500000     7.200000     0.300000     15.800000     1.700000     7.800000     0.000000     0.000000     2.400000     1.400000
winter     small     high     7.440000     10.100000     2.933000     0.770000     15.000000     1.333000     6.000000     0.600000     55.500000     0.000000     1.700000     1.400000     0.000000     0.000000     0.000000
spring     small     high     7.140000     9.800000     3.275000     0.923000     15.000000     1.250000     10.750000     2.500000     10.300000     0.000000     42.800000     2.200000     0.000000     0.000000     0.000000
summer     small     high     7.000000     12.100000     3.136000     1.208000     16.200000     1.800000     2.500000     0.500000     64.200000     0.000000     3.000000     0.000000     0.000000     0.000000     0.000000
winter     small     medium     7.500000     1.500000     32.400000     0.921000     1386.250000     220.750000     351.600010     10.000000     0.000000     0.000000     1.500000     7.600000     0.000000     0.000000     6.100000
spring     small     medium     7.500000     1.800000     29.775000     1.051000     2082.850100     209.856990     313.600010     1.000000     1.900000     4.900000     2.600000     3.000000     0.000000     0.000000     1.900000
summer     small     medium     7.800000     7.100000     32.540000     1.720000     2167.370120     151.125000     279.066010     13.100000     25.500000     3.900000     1.000000     11.000000     0.000000     0.000000     12.500000
autumn     medium     medium     8.500000     8.100000     38.125000     3.850000     225.000000     45.000000     152.332990     5.200000     11.300000     1.700000     2.000000     2.200000     13.300000     10.600000     0.000000
summer     medium     medium     7.925000     10.200000     34.037000     9.080000     109.000000     55.000000     58.623000     11.600000     4.400000     4.000000     3.300000     0.000000     11.700000     21.400000     1.200000
winter     medium     medium     8.100000     8.100000     136.000000     3.773000     245.000000     136.750000     249.250000     20.870000     1.900000     5.800000     24.800000     4.600000     9.500000     5.100000     1.200000
spring     medium     medium     8.200000     6.800000     129.375000     3.316000     271.250000     100.000000     233.500000     13.000000     1.600000     8.000000     17.600000     3.700000     11.500000     7.000000     0.000000
spring     medium     high     9.100000     9.400000     35.750000     5.164000     32.500000     85.500000     215.500000     18.370000     2.200000     9.600000     5.000000     1.000000     8.600000     7.900000     2.200000
autumn     medium     medium     8.100000     9.800000     29.500000     1.287000     224.286000     25.167000     102.333000     3.600000     64.900000     1.000000     0.000000     1.000000     2.900000     1.400000     1.000000
winter     medium     medium     8.000000     5.900000     27.400000     0.735000     133.636000     36.000000     105.727000     3.000000     15.100000     7.300000     23.200000     3.400000     4.100000     0.000000     0.000000
spring     medium     medium     8.000000     3.300000     26.760000     0.658000     165.000000     37.375000     111.375000     3.000000     14.400000     0.000000     11.800000     11.300000     5.500000     0.000000     0.000000
winter     medium     high     7.500000     9.200000     11.000000     3.310000     101.000000     26.600000     108.000000     1.300000     6.700000     0.000000     5.400000     3.400000     4.900000     6.900000     10.800000
spring     medium     high     7.400000     9.800000     11.000000     3.235000     255.000000     38.750000     56.667000     2.000000     10.800000     0.000000     0.000000     4.600000     6.500000     2.200000     1.400000
autumn     medium     high     7.300000     11.700000     10.400000     4.930000     130.000000     10.800000     60.000000     4.300000     1.200000     0.000000     1.700000     0.000000     7.500000     17.700000     14.400000
winter     medium     high     7.400000     8.900000     13.500000     5.442000     123.333000     27.667000     104.000000     21.000000     12.600000     4.300000     21.900000     1.000000     2.400000     3.300000     22.100000
summer     medium     high     7.400000     11.170000     12.146000     6.188000     89.600000     32.000000     69.930000     3.100000     14.700000     4.100000     1.000000     0.000000     7.700000     8.500000     31.200000
autumn     medium     medium     7.500000     10.800000     31.000000     4.408000     737.500000     111.250000     214.000000     2.900000     3.300000     0.000000     0.000000     5.000000     1.900000     6.200000     25.600000
winter     medium     medium     7.600000     6.000000     53.000000     3.734000     914.000000     137.600010     254.600010     4.300000     0.000000     0.000000     0.000000     4.600000     9.000000     13.100000     30.100000
summer     medium     medium     7.400000     10.770000     36.248000     3.730000     429.200010     57.600000     169.001010     3.200000     2.800000     0.000000     0.000000     2.600000     5.200000     13.200000     16.700000
winter     medium     medium     7.800000     3.600000     48.667000     4.030000     5738.330080     412.333010     607.166990     4.300000     0.000000     0.000000     2.600000     2.400000     5.000000     0.000000     2.400000
summer     medium     medium     7.600000     9.700000     53.102000     7.160000     4073.330080     282.166990     624.732970     6.800000     0.000000     0.000000     0.000000     1.000000     35.600000     9.900000     0.000000
winter     medium     medium     8.500000     8.600000     125.600000     3.778000     124.167000     197.832990     303.333010     40.000000     0.000000     15.200000     8.800000     0.000000     8.600000     5.100000     2.700000
spring     medium     medium     8.700000     9.400000     173.750000     3.318000     101.250000     267.750000     391.750000     3.500000     0.000000     5.500000     3.300000     0.000000     20.800000     12.400000     0.000000
summer     medium     medium     8.100000     10.700000     94.405000     4.698000     153.000000     191.750000     265.250000     7.300000     0.000000     2.100000     1.600000     0.000000     20.800000     32.900000     0.000000
winter     medium     high     8.800000     8.500000     53.333000     5.132000     96.667000     120.500000     232.832990     31.000000     1.200000     5.600000     6.300000     1.700000     1.200000     0.000000     1.000000
spring     medium     high     7.800000     10.500000     70.000000     2.443000     98.333000     144.667010     244.000000     9.000000     0.000000     3.100000     3.500000     1.600000     8.200000     9.900000     0.000000
summer     medium     high     7.900000     11.800000     63.510000     4.940000     137.000000     159.500000     218.000000     6.500000     0.000000     5.200000     0.000000     0.000000     28.800000     20.400000     1.000000
autumn     medium     low     8.500000     10.500000     56.717000     0.330000     215.714000     23.000000     138.500000     20.829000     5.700000     0.000000     0.000000     4.400000     12.400000     8.300000     7.800000
winter     medium     low     9.100000     5.400000     61.050000     0.308000     105.556000     104.222000     239.000000     72.478000     3.600000     31.900000     2.400000     0.000000     0.000000     0.000000     2.200000
spring     medium     low     8.900000     4.500000     57.750000     0.267000     155.000000     97.333000     235.667010     98.817000     1.200000     16.200000     0.000000     0.000000     0.000000     0.000000     1.000000
winter     medium     high     7.900000     6.300000     101.875000     3.978000     153.750000     51.750000     205.875000     2.000000     4.000000     2.100000     35.100000     6.800000     7.300000     0.000000     0.000000
summer     medium     high     7.800000     8.200000     85.982000     6.200000     421.666990     31.333000     211.667010     21.900000     5.900000     3.400000     1.000000     1.200000     17.800000     49.400000     1.000000
winter     medium     medium     7.700000     7.100000     63.625000     3.140000     122.500000     28.625000     186.500000     30.000000     16.500000     2.100000     19.500000     3.500000     5.300000     1.200000     3.200000
spring     medium     medium     7.800000     6.500000     82.111000     2.603000     215.556000     12.889000     154.125000     5.200000     7.000000     0.000000     13.500000     4.300000     8.700000     0.000000     4.300000
winter     medium     low     7.700000     5.300000     65.333000     2.899000     371.110990     51.111000     183.667010     17.200000     58.700000     0.000000     11.500000     6.600000     0.000000     0.000000     0.000000
summer     medium     low     7.500000     8.800000     58.331000     8.688000     758.750000     104.500000     292.625000     3.000000     8.700000     0.000000     3.000000     5.300000     9.400000     33.200000     0.000000
autumn     medium     low     7.600000     10.000000     49.625000     5.456000     308.750000     38.625000     285.713990     75.000000     17.000000     21.600000     1.600000     1.400000     10.200000     3.600000     1.100000
winter     medium     low     8.700000     7.400000     47.778000     2.316000     38.111000     24.667000     201.778000     3.000000     12.300000     5.400000     1.900000     0.000000     1.400000     0.000000     1.900000
summer     medium     low     7.700000     11.100000     47.229000     8.759000     239.000000     54.000000     275.143010     65.700000     8.800000     19.600000     4.700000     0.000000     0.000000     0.000000     2.700000
autumn     medium     high     8.300000     11.100000     41.500000     4.665000     931.833010     39.000000     124.200000     13.100000     23.700000     13.700000     0.000000     1.700000     6.400000     2.600000     0.000000
winter     medium     high     8.430000     6.000000     40.167000     2.670000     723.666990     60.833000     141.832990     25.000000     0.000000     6.400000     7.300000     12.700000     0.000000     0.000000     4.200000
summer     medium     high     8.160000     11.100000     32.056000     5.694000     461.875000     71.000000     132.546010     15.000000     3.600000     38.800000     0.000000     0.000000     1.200000     0.000000     2.400000
winter     medium     high     8.700000     9.800000     5.889000     1.534000     51.111000     9.667000     17.333000     1.000000     64.300000     1.500000     8.000000     0.000000     0.000000     0.000000     0.000000
spring     medium     high     8.200000     11.300000     7.250000     1.875000     25.000000     6.500000     26.000000     0.300000     46.600000     0.000000     2.500000     0.000000     0.000000     0.000000     0.000000
summer     medium     high     8.500000     11.800000     7.838000     1.732000     206.537990     8.692000     16.662000     2.100000     24.000000     0.000000     1.000000     0.000000     0.000000     0.000000     0.000000
spring     medium     medium     7.800000     6.000000     53.425000     0.381000     118.571000     37.857000     102.571000     1.200000     3.700000     1.400000     1.100000     2.100000     3.200000     6.400000     0.000000
summer     medium     medium     8.000000     9.700000     57.848000     0.461000     217.750000     37.000000     86.997000     3.000000     18.100000     14.500000     0.000000     0.000000     11.500000     22.300000     0.000000
winter     medium     high     9.700000     10.800000     0.222000     0.406000     10.000000     22.444000     10.111000     110.456000     41.000000     1.500000     0.000000     0.000000     0.000000     0.000000     0.000000
summer     medium     high     8.600000     11.620000     1.549000     0.445000     25.833000     16.833000     18.293000     1.400000     43.700000     0.000000     1.200000     0.000000     0.000000     4.700000     0.000000
autumn     medium     medium     8.300000     11.600000     5.830000     0.701000     12.727000     3.545000     13.200000     3.200000     86.600000     0.000000     0.000000     0.000000     0.000000     0.000000     0.000000
spring     medium     low     8.400000     5.300000     74.667000     3.900000     131.667010     261.600010     432.909000     24.917000     1.900000     12.700000     25.900000     0.000000     0.000000     0.000000     6.800000
summer     medium     low     8.200000     6.600000     131.399990     4.188000     92.000000     238.200000     320.399990     6.800000     1.200000     1.900000     22.900000     0.000000     8.100000     0.000000     0.000000
winter     medium     medium     8.200000     9.400000     45.273000     7.195000     345.454990     144.000000     287.000000     9.882000     1.400000     18.400000     0.000000     0.000000     20.000000     29.500000     0.000000
spring     medium     medium     8.100000     7.100000     42.636000     5.078000     56.364000     166.727010     262.726990     17.200000     1.600000     8.900000     6.600000     0.000000     9.200000     1.600000     1.400000
summer     medium     medium     8.100000     9.000000     48.429000     6.640000     128.571000     181.000000     222.286000     6.429000     3.300000     11.600000     7.000000     0.000000     17.900000     4.700000     0.000000
winter     medium     high     7.400000     10.700000     11.818000     2.163000     170.909000     36.909000     122.000000     5.555000     14.600000     0.000000     0.000000     1.900000     22.100000     12.700000     1.400000
spring     medium     high     8.300000     9.700000     10.556000     1.921000     65.556000     61.556000     127.222000     5.233000     1.700000     0.000000     10.300000     2.600000     8.900000     6.700000     0.000000
summer     medium     high     8.600000     10.700000     12.000000     2.231000     43.750000     62.625000     89.625000     2.150000     3.300000     0.000000     0.000000     1.900000     34.300000     7.100000     6.000000
winter     medium     medium     9.100000     11.600000     31.091000     5.099000     246.364000     55.000000     284.000000     88.255000     0.000000     36.600000     4.100000     0.000000     1.200000     16.700000     6.100000
spring     medium     medium     9.000000     6.900000     28.333000     2.954000     76.667000     102.333000     277.333010     110.456000     0.000000     16.400000     10.100000     0.000000     0.000000     0.000000     6.600000
summer     medium     medium     8.300000     10.000000     30.125000     3.726000     102.500000     75.875000     177.625000     50.225000     1.500000     32.800000     1.000000     4.100000     0.000000     15.800000     2.400000
winter     medium     high     8.500000     10.100000     10.936000     1.335000     236.000000     34.636000     72.900000     11.100000     4.200000     0.000000     1.400000     1.900000     16.200000     0.000000     1.400000
spring     medium     high     8.300000     7.700000     10.078000     1.212000     103.333000     48.667000     82.444000     2.000000     4.100000     0.000000     25.300000     2.100000     8.000000     0.000000     18.600000
summer     medium     high     7.300000     10.500000     11.088000     1.374000     92.375000     48.625000     66.750000     3.300000     1.200000     0.000000     2.300000     0.000000     44.400000     7.500000     1.900000
winter     medium     medium     7.900000     9.800000     194.750000     6.513000     3466.659910     23.000000     173.750000     15.300000     0.000000     0.000000     1.000000     0.000000     9.000000     64.600000     0.000000
spring     medium     medium     7.900000     8.300000     391.500000     6.045000     380.000000     173.000000     317.000000     5.500000     2.400000     1.700000     4.200000     8.300000     1.700000     0.000000     2.400000
autumn     medium     medium     8.000000     11.900000     130.670000     6.540000     196.000000     75.000000     84.000000     4.500000     7.800000     8.700000     2.100000     0.000000     14.900000     22.900000     2.400000
spring     medium     medium     8.000000     9.200000     39.000000     4.860000     120.000000     187.000000     213.000000     2.000000     10.300000     26.500000     6.100000     0.000000     5.600000     1.500000     2.200000
autumn     medium     medium     8.100000     11.700000     35.660000     5.130000     46.500000     49.000000     88.500000     2.500000     1.500000     72.600000     0.000000     0.000000     3.400000     6.800000     3.400000
winter     medium     low     8.430000     9.900000     37.600000     0.826000     124.000000     32.500000     115.000000     11.700000     9.200000     2.900000     2.000000     1.300000     2.500000     0.000000     0.000000
summer     medium     low     8.100000     6.200000     39.000000     0.673000     112.857000     60.000000     98.143000     2.000000     28.100000     0.000000     0.000000     4.000000     1.200000     0.000000     0.000000
winter     medium     medium     7.900000     11.200000     49.900000     9.773000     505.000000     67.500000     143.750000     5.450000     2.100000     2.600000     0.000000     0.000000     15.000000     15.700000     0.000000
summer     medium     medium     8.100000     6.200000     51.113000     5.099000     175.000000     132.500000     197.143010     6.400000     1.400000     15.700000     1.400000     0.000000     3.500000     0.000000     1.600000
spring     medium     high     7.800000     9.500000     8.300000     1.670000     34.000000     16.800000     35.200000     1.000000     19.000000     0.000000     22.000000     5.000000     1.100000     5.400000     0.000000
autumn     medium     high     7.900000     10.500000     10.207000     2.304000     132.250000     10.583000     23.485000     2.000000     42.500000     0.000000     2.200000     1.000000     0.000000     0.000000     0.000000
winter     medium     low     8.000000     4.500000     79.077000     8.984000     920.000000     70.000000     200.231000     19.400000     2.500000     1.400000     1.400000     6.200000     4.100000     1.800000     3.900000
spring     medium     low     7.600000     6.300000     81.333000     9.715000     196.667010     77.333000     147.832990     3.000000     4.400000     11.200000     6.800000     0.000000     1.000000     0.000000     31.600000
autumn     medium     low     7.800000     6.500000     64.093000     7.740000     1990.160030     47.500000     276.000000     8.100000     6.500000     4.100000     0.000000     7.700000     9.900000     18.200000     7.000000
winter     medium     high     8.220000     8.100000     41.250000     1.415000     172.500000     46.667000     123.333000     30.400000     39.700000     12.700000     0.000000     1.100000     2.700000     0.000000     1.600000
autumn     medium     high     8.300000     9.900000     40.226000     1.587000     235.000000     33.800000     75.207000     23.800000     32.800000     28.000000     2.000000     3.500000     1.000000     0.000000     1.500000
winter     medium     high     8.470000     9.000000     46.167000     2.102000     84.667000     48.000000     116.200000     7.300000     12.200000     16.000000     1.000000     1.400000     1.900000     1.200000     0.000000
spring     medium     high     8.400000     4.900000     47.000000     0.536000     91.833000     109.000000     188.667010     32.000000     1.900000     25.400000     21.700000     0.000000     0.000000     1.000000     0.000000
autumn     medium     high     8.870000     11.000000     41.163000     2.273000     54.750000     39.000000     72.696000     22.700000     0.000000     5.600000     1.200000     0.000000     8.000000     2.700000     0.000000
summer     medium     high     7.700000     4.400000     53.000000     2.310000     90.000000     22.200000     116.200000     16.000000     0.000000     0.000000     0.000000     1.200000     5.700000     32.100000     0.000000
autumn     medium     high     7.300000     11.800000     44.205000     45.650000     24064.000000     44.000000     34.000000     53.100000     2.200000     0.000000     0.000000     1.200000     5.900000     77.600000     0.000000
spring     medium     medium     7.900000     6.000000     127.833000     2.680000     176.667010     27.500000     76.333000     2.100000     3.400000     21.500000     14.000000     1.800000     3.900000     0.000000     0.000000
autumn     medium     medium     7.800000     10.530000     100.830000     5.410000     486.500000     24.000000     58.374000     27.500000     2.800000     1.900000     0.000000     1.200000     19.000000     4.500000     0.000000
spring     large     low     7.800000     3.200000     94.000000     4.908000     1131.660030     175.667010     361.000000     28.567000     24.800000     10.400000     0.000000     6.900000     0.000000     0.000000     2.700000
summer     large     low     7.600000     4.900000     69.000000     3.685000     1495.000000     234.500000     236.000000     22.500000     32.500000     12.000000     0.000000     5.000000     0.000000     0.000000     1.900000
spring     large     low     8.600000     3.600000     50.000000     0.376000     134.000000     54.100000     125.800000     26.800000     0.000000     28.000000     0.000000     0.000000     0.000000     0.000000     15.100000
autumn     large     low     8.400000     10.600000     19.220000     1.655000     96.833000     20.667000     54.916000     20.600000     0.000000     11.300000     1.800000     0.000000     2.500000     0.000000     1.400000
winter     large     low     8.300000     11.500000     26.000000     1.870000     62.500000     30.750000     75.333000     34.750000     0.000000     20.100000     0.000000     0.000000     0.000000     0.000000     0.000000
spring     large     low     9.000000     5.800000     391.500000     0.900000     142.000000     102.000000     186.000000     68.050000     1.700000     20.600000     1.500000     2.200000     0.000000     0.000000     0.000000
spring     large     low     9.500000     5.700000     44.000000     0.102000     146.667010     151.332990     252.500000     93.683000     12.300000     21.700000     3.900000     0.000000     0.000000     0.000000     3.900000
summer     large     low     8.800000     8.800000     43.000000     0.130000     103.333000     180.667010     269.666990     92.667000     7.200000     28.200000     0.000000     0.000000     0.000000     0.000000     3.300000
autumn     large     low     8.840000     12.900000     43.090000     0.846000     52.200000     8.600000     46.438000     81.540000     3.400000     21.500000     0.000000     0.000000     0.000000     0.000000     2.700000
winter     large     high     7.300000     9.900000     16.000000     4.820000     101.667000     14.667000     85.000000     2.000000     0.000000     0.000000     0.000000     2.400000     0.000000     17.800000     3.600000
autumn     large     high     7.400000     10.680000     22.350000     5.414000     244.600010     66.400000     171.272000     3.800000     1.100000     0.000000     1.400000     0.000000     6.600000     42.100000     5.200000
spring     large     low     9.100000     4.300000     82.857000     0.860000     137.272990     102.364000     232.899990     54.367000     0.000000     6.000000     2.900000     0.000000     0.000000     0.000000     2.900000
autumn     large     low     8.530000     11.100000     63.292000     1.726000     227.600010     84.300000     146.452000     21.220000     1.400000     14.700000     2.500000     0.000000     0.000000     0.000000     2.000000
winter     large     low     8.560000     8.700000     43.970000     4.053000     643.000000     221.899990     246.667010     14.700000     12.500000     2.100000     0.000000     1.200000     6.400000     4.500000     1.700000
autumn     large     low     8.060000     8.300000     38.902000     3.678000     627.273010     205.636000     219.909000     6.209000     0.000000     0.000000     0.000000     0.000000     8.600000     52.500000     0.000000
winter     large     medium     8.240000     6.100000     95.367000     3.561000     1168.000000     236.399990     272.221980     20.578000     2.500000     13.200000     0.000000     2.000000     7.400000     17.200000     0.000000
summer     large     medium     7.910000     6.200000     151.832990     3.923000     1081.660030     346.166990     388.166990     5.083000     1.700000     12.000000     4.900000     2.700000     0.000000     5.900000     1.700000
winter     large     medium     8.210000     9.300000     104.818000     3.908000     124.364000     82.222000     167.899990     5.609000     1.400000     4.600000     10.800000     2.200000     5.500000     42.400000     0.000000
spring     large     medium     8.500000     7.300000     71.444000     2.512000     66.667000     64.389000     137.778000     9.384000     0.000000     3.800000     16.000000     4.000000     0.000000     0.000000     3.300000
spring     large     medium     8.600000     10.600000     208.364000     4.459000     197.909000     87.333000     194.100010     27.618000     0.000000     1.200000     0.000000     0.000000     11.300000     11.500000     0.000000
winter     large     medium     9.060000     6.350000     187.183000     3.351000     54.778000     159.167010     221.278000     20.800000     0.000000     21.100000     3.700000     0.000000     0.000000     0.000000     1.900000
autumn     large     high     8.700000     10.700000     4.545000     0.941000     32.727000     16.000000     21.300000     1.100000     39.700000     0.000000     12.900000     0.000000     0.000000     0.000000     0.000000
spring     large     high     8.100000     10.700000     3.500000     1.013000     12.500000     12.750000     11.000000     0.600000     37.300000     9.700000     13.600000     0.000000     2.200000     0.000000     1.200000
summer     large     high     8.400000     10.290000     5.326000     0.996000     53.846000     7.667000     14.354000     0.800000     52.400000     7.500000     9.400000     0.000000     1.400000     1.900000     0.000000
spring     large     medium     8.600000     10.100000     2.111000     0.663000     11.111000     3.222000     7.000000     1.300000     48.300000     2.000000     0.000000     0.000000     0.000000     0.000000     0.000000
summer     large     medium     8.200000     9.500000     2.200000     0.672000     10.000000     3.800000     6.200000     0.800000     50.400000     3.800000     0.000000     0.000000     0.000000     0.000000     0.000000
winter     large     medium     8.500000     10.500000     2.750000     0.758000     10.500000     4.000000     7.654000     4.000000     56.800000     5.000000     0.000000     0.000000     0.000000     0.000000     0.000000
summer     large     medium     8.300000     10.000000     3.860000     0.866000     32.000000     6.000000     16.000000     2.860000     17.300000     6.700000     19.700000     0.000000     0.000000     0.000000     0.000000
winter     large     high     8.000000     10.900000     9.055000     0.825000     40.000000     21.083000     56.091000     110.456000     16.800000     19.600000     4.000000     0.000000     0.000000     0.000000     0.000000
summer     large     high     8.100000     10.200000     7.613000     0.699000     32.500000     26.625000     52.875000     2.000000     18.100000     1.700000     2.000000     0.000000     1.700000     5.900000     0.000000
winter     large     low     8.700000     10.800000     39.109000     6.225000     161.817990     104.727000     228.364000     46.075000     1.100000     3.900000     2.100000     0.000000     3.900000     4.600000     2.300000
winter     large     low     8.700000     11.700000     22.455000     3.765000     88.182000     41.300000     85.400000     17.491000     0.000000     4.700000     0.000000     0.000000     2.600000     2.600000     0.000000
summer     large     low     8.400000     8.200000     23.250000     2.805000     43.750000     51.125000     87.125000     14.775000     0.000000     12.000000     1.700000     0.000000     2.700000     0.000000     0.000000
autumn     large     low     8.550000     11.000000     22.320000     3.140000     82.100000     45.900000     101.455000     18.330000     1.700000     7.000000     1.200000     0.000000     4.800000     3.100000     0.000000
spring     large     medium     8.500000     7.600000     12.778000     1.873000     17.778000     50.889000     127.000000     24.556000     0.000000     0.000000     10.200000     1.700000     1.200000     0.000000     5.500000
autumn     large     medium     8.700000     11.400000     15.541000     2.323000     103.000000     34.500000     81.558000     5.620000     7.600000     0.000000     1.200000     0.000000     15.900000     31.800000     5.900000
winter     large     medium     8.400000     10.500000     12.182000     1.519000     65.455000     19.727000     50.455000     8.155000     2.900000     4.600000     1.000000     0.000000     6.600000     16.600000     0.000000
spring     large     medium     8.200000     8.200000     7.333000     1.003000     37.778000     19.111000     120.889000     5.111000     2.200000     12.700000     8.800000     0.000000     0.000000     0.000000     1.200000
autumn     large     medium     8.580000     11.100000     23.825000     3.617000     72.600000     51.111000     91.111000     22.900000     3.800000     22.000000     2.900000     0.000000     3.100000     5.500000     0.000000
summer     large     medium     8.500000     7.900000     12.444000     2.586000     96.667000     19.111000     61.444000     6.167000     18.900000     13.200000     5.000000     0.000000     6.100000     0.000000     0.000000
autumn     large     medium     8.400000     8.400000     17.375000     3.833000     83.750000     53.625000     79.750000     2.338000     12.700000     21.700000     5.600000     0.000000     1.000000     0.000000     0.000000
spring     large     medium     8.300000     10.600000     14.320000     3.200000     125.333000     35.333000     75.904000     4.667000     18.000000     7.000000     1.700000     0.000000     4.800000     10.300000     1.000000
autumn     large     medium     8.200000     7.000000     139.989000     2.978000     60.110000     78.333000     140.220000     31.738000     0.000000     15.900000     2.400000     1.000000     0.000000     0.000000     0.000000
winter     large     medium     8.000000     7.600000     391.500000     45.650000     24064.000000     564.599980     771.599980     110.456000     0.000000     12.500000     3.700000     1.000000     0.000000     0.000000     4.900000
summer     large     medium     8.500000     6.700000     82.852000     2.800000     27.069000     64.000000     140.517000     18.300000     2.400000     10.500000     9.000000     7.800000     0.000000     0.000000     5.800000
